Бидонче 13,29.09,47.68
Бидонче 79,21.46,4.74
Бидонче 36,31.87,112.76
Бидонче 19,14.93,19.05
Бидонче 15,24.15,107
Бидонче 82,39.5,101.82
Бидонче 77,21.11,135.47
Бидонче 37,14.15,54.58
Бидонче 100,25.21,55.82
Бидонче 40,30.95,2.08
Бидонче 65,11.49,143.79
Бидонче 4,15,50
Бидонче 12,14.74,31.97
Бидонче 67,4.37,70
Бидонче 53,32.45,60.24
Бидонче 55,17.95,35.65
Бидонче 102,39.57,16.07
Бидонче 18,29.97,40.56
Бидонче 43,8.93,126.26
Бидонче 80,4.17,97.77
Бидонче 2,6,22
Бидонче 22,3.73,38.42
Бидонче 105,15.63,32.56
Бидонче 20,18,73.72
Бидонче 6,12,23.9
Бидонче 24,23.23,135.01
Бидонче 39,13.58,87.56
Бидонче 9,20.72,59.55
Бидонче 108,16.63,42.4
Бидонче 44,29.62,20.8
Бидонче 103,12.31,139.42
Бидонче 60,7.51,64.93
Бидонче 33,20.13,65.4
Бидонче 92,5.8,44.94
Бидонче 49,19.17,29.64
Бидонче 34,31.66,141.41
Бидонче 107,6.8,33.35
Бидонче 8,20,120
Бидонче 48,25.72,133.34
Бидонче 38,30.26,43.57
Бидонче 63,30.68,101.33
Бидонче 46,15.91,147.1
Бидонче 29,31.61,5.43
Бидонче 27,10.81,130.99
Бидонче 75,8.1,74.32
Бидонче 45,5.21,82.36
Бидонче 42,16.02,112.76
Бидонче 81,37.4,96.18
Бидонче 97,3.16,63.26
Бидонче 85,33.01,106.56
Бидонче 96,34.74,112.68
Бидонче 41,39.82,79.48
Бидонче 54,30.86,37
Бидонче 23,16.52,118.48
Бидонче 68,5.43,86.46
Бидонче 32,17.42,95.08
Бидонче 35,13.75,33.56
Бидонче 31,32.46,48.64
Бидонче 16,4.19,98.95
Бидонче 50,37.79,120.56
Бидонче 90,10.29,37.61
Бидонче 86,26.12,89.48
Бидонче 91,33.47,10.21
Бидонче 94,32.4,3.37
Бидонче 25,35.58,111.75
Бидонче 5,18,42.4
Бидонче 99,3.79,112.74
Бидонче 84,5.23,88.72
Бидонче 3,9,50
Бидонче 104,18.28,5.06
Бидонче 78,5.22,103.72
Бидонче 21,23.22,35.44
Бидонче 83,33.28,96.87
Бидонче 87,30.68,115.57
Бидонче 59,32.03,6.94
Бидонче 106,39.88,137.5
Бидонче 73,21.09,142.75
Бидонче 17,14.48,87.69
Бидонче 56,7.96,33.2
Бидонче 64,15.35,30.78
Бидонче 101,14.58,28.53
Бидонче 11,37.67,12.76
Бидонче 28,36.99,107.65
Бидонче 66,23.94,128.14
Бидонче 70,12.64,118.69
Бидонче 69,30.73,52.18
Бидонче 76,3.77,123.73
Бидонче 7,12.234,120
Бидонче 47,2.5,7.17
Бидонче 14,10.38,84.2
Бидонче 88,36.31,95.88
Бидонче 26,38.48,106.77
Бидонче 95,36.85,3.33
Бидонче 71,24,17.52
Бидонче 52,37.32,110.74
Бидонче 62,18.56,95.39
Бидонче 93,13.55,82.49
Бидонче 61,2.94,8.43
Бидонче 72,29.78,120.51
Бидонче 10,13.55,24.52
Бидонче 89,34.63,118.36
Бидонче 30,35.94,115.75
Бидонче 57,12.09,57.27
Бидонче 51,30.7,131.72
Бидонче 1,4.5,20
Бидонче 58,13.66,105.86
Бидонче 98,21,33.44
Бидонче 74,26.63,87.14
