Бидонче 203,13.51,14.15
Бидонче 22,37.89,66.83
Бидонче 32,14.59,68.27
Бидонче 478,7.89,81.55
Бидонче 158,26.9,45.7
Бидонче 646,19.63,33.48
Бидонче 266,20.66,15.18
Бидонче 426,19.1,26.16
Бидонче 714,38.87,50.91
Бидонче 432,23.11,61.43
Бидонче 539,9.38,7.84
Бидонче 43,33.23,70.7
Бидонче 73,26.11,94.21
Бидонче 687,27.07,33.06
Бидонче 372,6.82,71.99
Бидонче 550,28.91,69.6
Бидонче 154,14.53,38.73
Бидонче 449,35.77,78.52
Бидонче 413,20.91,40.47
Бидонче 452,11.97,40.63
Бидонче 305,14.42,12.56
Бидонче 121,23.09,14.94
Бидонче 220,21.52,13.02
Бидонче 664,9.79,86.01
Бидонче 279,23.65,53.29
Бидонче 211,4.52,81.99
Бидонче 692,19.22,98.74
Бидонче 628,37.1,72.26
Бидонче 697,9.36,5.71
Бидонче 649,29.6,89.24
Бидонче 580,28,27.99
Бидонче 284,34.03,42.53
Бидонче 111,35.74,80.18
Бидонче 64,19.3,89.73
Бидонче 507,16.54,42.28
Бидонче 499,10.54,39.28
Бидонче 340,26.52,49.83
Бидонче 235,11.81,27.89
Бидонче 538,28.15,39.8
Бидонче 264,14.42,74.51
Бидонче 52,11.91,99.67
Бидонче 289,28.86,76.16
Бидонче 384,27.1,22.54
Бидонче 576,11.58,78.97
Бидонче 337,18.19,97.53
Бидонче 672,37.44,87.75
Бидонче 57,34.23,57.44
Бидонче 270,27.21,74.51
Бидонче 174,32.23,16.84
Бидонче 126,13.35,45.14
Бидонче 414,27.3,15.5
Бидонче 112,30.65,59.37
Бидонче 601,22.08,42.03
Бидонче 356,18.69,69.21
Бидонче 218,16.88,98.27
Бидонче 663,29.58,12.03
Бидонче 346,32.44,70.98
Бидонче 99,33.94,62.9
Бидонче 603,38.44,99.78
Бидонче 555,15.95,64.89
Бидонче 295,20.01,15.22
Бидонче 278,24.34,99.85
Бидонче 60,33.19,38.28
Бидонче 286,18.68,21.09
Бидонче 560,10.31,58.12
Бидонче 8,37.49,40.01
Бидонче 625,28.33,26.34
Бидонче 282,5.94,87.74
Бидонче 422,34.79,77.09
Бидонче 344,39.17,42.99
Бидонче 37,17.93,27.79
Бидонче 435,24.71,18.64
Бидонче 489,16,39.99
Бидонче 522,37.5,7.14
Бидонче 485,15.88,90.18
Бидонче 135,12.69,48.46
Бидонче 25,23.83,76.49
Бидонче 360,6.88,56.11
Бидонче 419,19.24,14.43
Бидонче 321,19.12,61.69
Бидонче 256,18.12,68.8
Бидонче 417,2.73,50.01
Бидонче 58,21.43,55.51
Бидонче 544,15.01,52.82
Бидонче 608,3.95,92.4
Бидонче 281,28.91,46.52
Бидонче 561,8.56,41.76
Бидонче 201,21.99,14.27
Бидонче 35,23.71,18.12
Бидонче 458,39.75,14.95
Бидонче 7,32.32,30.96
Бидонче 204,28.59,72.3
Бидонче 513,25.81,69.61
Бидонче 215,31.78,97.95
Бидонче 128,12.49,89.4
Бидонче 651,19.61,19.3
Бидонче 456,11.6,82.19
Бидонче 10,33.42,32.65
Бидонче 515,20.28,22.1
Бидонче 574,7.3,92.36
Бидонче 700,32.87,40.94
Бидонче 554,19.3,88.81
Бидонче 475,2.86,98.77
Бидонче 14,16,72.98
Бидонче 255,21.51,94.26
Бидонче 447,27.47,97.08
Бидонче 642,37.19,97.23
Бидонче 92,16.26,4.14
Бидонче 469,18.94,42.17
Бидонче 91,23.32,92.63
Бидонче 109,10.6,73.01
Бидонче 548,31.85,12.77
Бидонче 341,7.75,58.51
Бидонче 82,31.15,24.71
Бидонче 383,17.86,52.01
Бидонче 457,21.77,10.74
Бидонче 23,15.08,9.63
Бидонче 72,16.01,48.67
Бидонче 162,20.21,59.75
Бидонче 686,36.51,45.88
Бидонче 645,38.46,33.22
Бидонче 114,12.56,30.84
Бидонче 357,16.81,66.47
Бидонче 96,8.05,81.01
Бидонче 196,4.88,4.44
Бидонче 510,14.51,48.23
Бидонче 450,14.07,21.29
Бидонче 605,18.45,47.02
Бидонче 246,25,24.94
Бидонче 345,33.89,44.42
Бидонче 613,33.38,72.78
Бидонче 395,25.74,84.66
Бидонче 566,27.97,52.04
Бидонче 572,13.47,96.95
Бидонче 410,25.08,92.71
Бидонче 331,21.99,54.27
Бидонче 348,23.42,21.17
Бидонче 630,12.11,48.15
Бидонче 34,34.86,49.4
Бидонче 65,3.41,41.31
Бидонче 718,2.64,89.18
Бидонче 347,30.21,65.87
Бидонче 715,39.87,47.22
Бидонче 191,12.59,47.51
Бидонче 588,27.64,69.28
Бидонче 427,12.52,98.94
Бидонче 144,25.7,96.91
Бидонче 462,22.35,96.97
Бидонче 464,26.08,65.71
Бидонче 248,10.52,56.38
Бидонче 122,19.05,43.3
Бидонче 709,32.95,62.52
Бидонче 306,30.67,9.74
Бидонче 525,15.04,11.29
Бидонче 333,16.24,95.15
Бидонче 134,19.31,16.5
Бидонче 61,5.76,63.08
Бидонче 101,18.53,44.94
Бидонче 62,7.96,64.76
Бидонче 253,20.74,38.23
Бидонче 46,22.85,97.99
Бидонче 490,28.71,60.01
Бидонче 387,30.85,8.65
Бидонче 86,20.53,76.41
Бидонче 232,6.95,35.46
Бидонче 48,2.13,57.28
Бидонче 546,22.54,79.64
Бидонче 11,29.85,85.67
Бидонче 214,31.22,93.23
Бидонче 199,29.18,35.9
Бидонче 509,5.6,38.73
Бидонче 675,2.22,13.7
Бидонче 654,5.4,54.17
Бидонче 268,37.8,19.21
Бидонче 325,8.41,65.86
Бидонче 238,28.42,12.11
Бидонче 704,2.03,60.63
Бидонче 262,38.98,94.85
Бидонче 263,8.9,33.11
Бидонче 1,19.72,44.08
Бидонче 298,36.57,79.39
Бидонче 314,29.35,11.17
Бидонче 31,25.76,91.81
Бидонче 277,35.22,30.71
Бидонче 479,16.71,55.74
Бидонче 409,19.68,44.18
Бидонче 701,23.02,85.43
Бидонче 612,14.14,63.7
Бидонче 225,31.16,71.96
Бидонче 47,15.23,89.97
Бидонче 392,33.74,54.63
Бидонче 565,22.85,23.27
Бидонче 463,18.48,88.79
Бидонче 685,28.89,97.13
Бидонче 275,34.49,37.1
Бидонче 647,14.34,55.51
Бидонче 365,32.06,60.63
Бидонче 79,36.18,66.15
Бидонче 564,35.04,19.01
Бидонче 38,18.4,40.41
Бидонче 194,23.58,20.76
Бидонче 323,23.23,10.87
Бидонче 514,38.09,6.51
Бидонче 317,35.83,17.66
Бидонче 678,27.59,15.46
Бидонче 230,31.6,83.51
Бидонче 97,12.32,31.53
Бидонче 208,20.17,54.4
Бидонче 169,38.62,79.27
Бидонче 16,32.85,36.15
Бидонче 42,3.44,53.85
Бидонче 600,34.27,52.97
Бидонче 296,7.76,54.37
Бидонче 172,13.18,66.07
Бидонче 483,31.76,68.56
Бидонче 631,22.93,49.05
Бидонче 69,8.58,73.68
Бидонче 239,3.61,75.42
Бидонче 75,22.59,21.87
Бидонче 240,21.36,32.4
Бидонче 30,33.62,95.88
Бидонче 271,17.48,69.42
Бидонче 21,15.52,76.06
Бидонче 397,18.18,14.84
Бидонче 563,26.17,82.64
Бидонче 51,30.32,64.03
Бидонче 130,37.18,60.95
Бидонче 316,38.89,71.7
Бидонче 293,26.53,49.31
Бидонче 508,3.89,47.91
Бидонче 581,33.93,28.76
Бидонче 322,11.68,23.17
Бидонче 269,29.16,52.7
Бидонче 667,9.58,98.4
Бидонче 41,33.51,2.07
Бидонче 578,27.66,36.96
Бидонче 212,36.55,87.03
Бидонче 67,4.82,19.34
Бидонче 380,38.95,63.01
Бидонче 299,7.28,6.06
Бидонче 375,25.11,88.29
Бидонче 653,22.97,42.32
Бидонче 589,34.38,51.03
Бидонче 558,22.72,68.62
Бидонче 178,19.71,99.42
Бидонче 250,15.53,76.14
Бидонче 168,14.57,18.39
Бидонче 637,10.64,51.95
Бидонче 224,33.59,22.82
Бидонче 249,36.18,39.28
Бидонче 553,35.75,81.08
Бидонче 577,36.31,43.16
Бидонче 406,22.54,18.08
Бидонче 551,25.69,3.29
Бидонче 621,17.89,83.35
Бидонче 652,20.13,77.87
Бидонче 221,13.63,16.07
Бидонче 629,6.85,5.47
Бидонче 9,38.58,11.59
Бидонче 4,38.15,72.61
Бидонче 44,9.16,34.13
Бидонче 355,26.36,79.68
Бидонче 391,5.71,75.18
Бидонче 160,15.1,75.96
Бидонче 184,30.5,94.16
Бидонче 5,10.94,35.58
Бидонче 328,3.27,73.37
Бидонче 319,38.55,36.14
Бидонче 105,37.06,73.52
Бидонче 695,8.27,86.76
Бидонче 596,27.3,88.7
Бидонче 39,37.22,27.42
Бидонче 540,38.45,58.23
Бидонче 85,9.86,94.19
Бидонче 166,5.29,7.74
Бидонче 300,10.24,47.22
Бидонче 29,31.36,49.58
Бидонче 650,22.58,89.95
Бидонче 599,14.63,52.45
Бидонче 26,25.61,76.28
Бидонче 259,15.2,86.67
Бидонче 476,24.41,71.16
Бидонче 713,25.35,86.59
Бидонче 679,24.8,38.57
Бидонче 429,27.14,24.32
Бидонче 148,19.78,99.13
Бидонче 399,23.2,64.37
Бидонче 84,27.63,88.85
Бидонче 418,4.67,71.02
Бидонче 245,5.06,74.09
Бидонче 74,34.42,62.3
Бидонче 364,17.61,48.31
Бидонче 682,3.09,85.02
Бидонче 3,31.44,40.61
Бидонче 336,33.93,73.29
Бидонче 308,5.02,36.5
Бидонче 575,11.43,69.67
Бидонче 217,4.95,52.17
Бидонче 480,28.02,39.27
Бидонче 367,10.25,42.57
Бидонче 116,39.7,88.28
Бидонче 471,3.85,35.79
Бидонче 703,4.86,11.26
Бидонче 693,34.37,35.43
Бидонче 669,31.31,97.46
Бидонче 350,17.7,52.32
Бидонче 151,33.43,37.65
Бидонче 676,30.23,39.39
Бидонче 606,35.74,25.32
Бидонче 442,6.29,22.76
Бидонче 19,34.91,69.52
Бидонче 197,6.07,93.22
Бидонче 155,17.93,70.46
Бидонче 15,7,39.16
Бидонче 382,7.21,66.94
Бидонче 140,9.01,5.63
Бидонче 171,21.06,80.47
Бидонче 107,17.65,83.85
Бидонче 609,29.26,30.95
Бидонче 632,20.73,39.88
Бидонче 668,26.03,3.77
Бидонче 145,25.19,18.17
Бидонче 531,36.15,93.35
Бидонче 482,20.89,15.6
Бидонче 106,21.42,13.14
Бидонче 638,35.33,48.25
Бидонче 63,6.08,40.31
Бидонче 497,34.37,53.48
Бидонче 411,6.36,44.5
Бидонче 445,35.18,56.16
Бидонче 390,33.11,38.9
Бидонче 303,34.43,53.6
Бидонче 102,10.37,48.21
Бидонче 335,19.22,87.71
Бидонче 127,13.82,74.51
Бидонче 373,5,21.2
Бидонче 620,10.58,18.08
Бидонче 615,13.78,17.52
Бидонче 267,37.83,61.89
Бидонче 597,19.73,75.7
Бидонче 446,14.6,43.53
Бидонче 431,22.63,30.14
Бидонче 76,12.34,37.55
Бидонче 164,9.28,27.53
Бидонче 353,33.35,99.72
Бидонче 698,6.02,48.44
Бидонче 234,35.98,26.61
Бидонче 233,17.67,73.86
Бидонче 163,9.99,80.3
Бидонче 694,21.46,39.67
Бидонче 115,26.35,16.26
Бидонче 200,38.03,33.16
Бидонче 465,17.86,32.31
Бидонче 205,33.75,85.6
Бидонче 186,16.28,7.57
Бидонче 607,3.71,59.91
Бидонче 141,37.43,67.52
Бидонче 570,18.28,23.33
Бидонче 108,27.81,30.69
Бидонче 223,14.14,38.19
Бидонче 690,3.99,62.05
Бидонче 520,24.06,52.95
Бидонче 161,8.26,55.91
Бидонче 352,16.5,80.39
Бидонче 592,32.55,90.77
Бидонче 484,38.35,34.28
Бидонче 129,25.18,60.36
Бидонче 13,10.44,41.54
Бидонче 636,3.61,13.24
Бидонче 302,4.51,95.28
Бидонче 416,4.19,84.99
Бидонче 374,5.65,20.4
Бидонче 123,14.07,22.84
Бидонче 167,3.3,92.57
Бидонче 523,3.52,67.92
Бидонче 132,16.5,60.55
Бидонче 78,23.78,34.95
Бидонче 494,13.94,25.49
Бидонче 175,31.97,99.36
Бидонче 543,30.42,81.3
Бидонче 518,20.29,2.04
Бидонче 516,19.81,37.97
Бидонче 461,9.75,9.69
Бидонче 633,17.63,9.54
Бидонче 505,10.53,95.94
Бидонче 124,4.98,18.88
Бидонче 571,33.06,87.62
Бидонче 481,19.09,37.01
Бидонче 330,4.42,51.16
Бидонче 370,6.42,38.37
Бидонче 455,9.54,70.21
Бидонче 206,29.16,84.43
Бидонче 398,7.01,84.51
Бидонче 586,37.31,82.72
Бидонче 227,7.81,78.77
Бидонче 104,8.38,45.21
Бидонче 257,21.6,79.13
Бидонче 402,17.93,56.89
Бидонче 183,28.09,9.12
Бидонче 283,20.14,22.7
Бидонче 699,26.86,54.18
Бидонче 624,27.73,16.04
Бидонче 428,31.4,38.53
Бидонче 236,10.55,42.38
Бидонче 70,29.79,69.1
Бидонче 359,9.18,99.11
Бидонче 131,38.86,43.55
Бидонче 720,26.71,69.26
Бидонче 526,22.85,47.07
Бидонче 530,2.28,92.21
Бидонче 243,26.9,92.49
Бидонче 292,10.92,82.19
Бидонче 329,16.17,77.17
Бидонче 379,32.31,55.92
Бидонче 157,30.81,33.51
Бидонче 66,19.19,34.78
Бидонче 20,38.65,82.2
Бидонче 77,16.52,82.67
Бидонче 156,12.36,25.53
Бидонче 569,34.37,78.37
Бидонче 506,32.5,49.31
Бидонче 358,15.64,5.67
Бидонче 18,19.04,62.26
Бидонче 584,19.44,86.65
Бидонче 147,32.2,97.51
Бидонче 444,24.14,68.09
Бидонче 659,23.61,18.55
Бидонче 648,9.54,37.06
Бидонче 216,3.36,43.36
Бидонче 453,9.08,27.27
Бидонче 440,22.93,67.1
Бидонче 137,2.29,90.41
Бидонче 143,37.99,54.34
Бидонче 454,9.27,3.35
Бидонче 241,34.4,20.93
Бидонче 487,23.62,27.95
Бидонче 152,24.74,21.53
Бидонче 149,22.94,18.43
Бидонче 498,4.55,44.03
Бидонче 125,12.19,76.49
Бидонче 611,8.27,85.83
Бидонче 689,13.27,50.08
Бидонче 562,22.7,100
Бидонче 388,30.02,42.42
Бидонче 381,4.51,39.84
Бидонче 173,29.91,34.4
Бидонче 598,5.81,18.04
Бидонче 181,37.39,84.61
Бидонче 301,5.36,97.98
Бидонче 468,4.2,43.81
Бидонче 53,3.23,85.53
Бидонче 486,28.59,15.46
Бидонче 93,15.22,48.84
Бидонче 159,7.44,23.81
Бидонче 519,13.23,72.56
Бидонче 272,5.07,46.62
Бидонче 556,7.23,88.67
Бидонче 436,9.21,63.66
Бидонче 473,31.68,98.43
Бидонче 420,16.54,60.93
Бидонче 503,13.32,45.79
Бидонче 573,6.94,16.35
Бидонче 443,28.52,63.77
Бидонче 81,5.59,52.05
Бидонче 610,22.94,45.18
Бидонче 198,30.36,31.54
Бидонче 467,23.49,78.9
Бидонче 27,30.31,83.01
Бидонче 231,22.23,20.22
Бидонче 407,13.32,59.78
Бидонче 304,36.47,7.27
Бидонче 614,24.47,95.79
Бидонче 90,33.62,10.39
Бидонче 276,19.7,6.66
Бидонче 688,8.94,62.91
Бидонче 559,4.18,99.28
Бидонче 369,31.97,85.45
Бидонче 639,14.09,3.74
Бидонче 117,6.62,73.75
Бидонче 472,7.43,86.57
Бидонче 297,8.63,78.29
Бидонче 177,6.04,25.7
Бидонче 591,33.29,17.47
Бидонче 113,23.95,28.01
Бидонче 547,18.75,57.62
Бидонче 396,7.19,20.06
Бидонче 33,13.02,82.38
Бидонче 80,2.51,2.56
Бидонче 119,18.85,53.7
Бидонче 521,27.88,14.52
Бидонче 258,15.28,67.05
Бидонче 532,10.77,9.27
Бидонче 433,3.91,28.47
Бидонче 618,28.27,49.01
Бидонче 363,16.06,91.82
Бидонче 524,34.45,93.74
Бидонче 285,29.85,73.23
Бидонче 229,18.15,27.65
Бидонче 421,21.46,60.27
Бидонче 434,33.65,78.97
Бидонче 412,29.45,85.15
Бидонче 504,8.07,82.92
Бидонче 362,11.09,85.14
Бидонче 500,21.54,85.98
Бидонче 49,17.15,87.25
Бидонче 640,13.41,82.89
Бидонче 680,36.69,93.82
Бидонче 320,35.69,6.34
Бидонче 222,11.19,51.63
Бидонче 290,32.26,11.15
Бидонче 635,15.3,70.4
Бидонче 617,17.41,90.5
Бидонче 549,3.07,99.07
Бидонче 579,21.97,34.54
Бидонче 671,2.13,48.67
Бидонче 451,20.04,25.45
Бидонче 656,9.48,61.55
Бидонче 385,17.69,90.94
Бидонче 342,20.31,68.77
Бидонче 273,8.35,52.13
Бидонче 661,36.49,98.07
Бидонче 138,14.24,69.44
Бидонче 517,10.61,43.87
Бидонче 71,10.94,63.79
Бидонче 424,30.4,23.58
Бидонче 265,39.02,96.08
Бидонче 311,26.71,35.03
Бидонче 219,6.6,34.75
Бидонче 691,8.46,90.28
Бидонче 437,34.52,57.99
Бидонче 459,5.28,14.04
Бидонче 326,27.38,61.56
Бидонче 658,37.09,96.14
Бидонче 368,6.42,79.58
Бидонче 585,20.2,62.23
Бидонче 334,20.09,49.8
Бидонче 529,24.82,78.12
Бидонче 393,38.03,89.88
Бидонче 404,22.51,14.19
Бидонче 587,12.12,96.49
Бидонче 95,13.39,64.87
Бидонче 582,16.38,38.67
Бидонче 312,27.47,89.01
Бидонче 17,37.28,37.42
Бидонче 542,33.43,27.51
Бидонче 666,39.65,95.63
Бидонче 496,37.6,50.07
Бидонче 150,24.6,62.25
Бидонче 193,39.28,45.14
Бидонче 674,16.42,85.24
Бидонче 361,31.51,37.9
Бидонче 717,5.66,68.97
Бидонче 568,16.38,55.23
Бидонче 210,24.47,47.13
Бидонче 261,16.08,90.87
Бидонче 634,13.33,90.94
Бидонче 619,6.85,72.45
Бидонче 527,12.72,88.12
Бидонче 40,22.49,74.51
Бидонче 324,38.63,43.62
Бидонче 315,16.98,38.49
Бидонче 12,19.92,96.2
Бидонче 594,28.42,11.01
Бидонче 670,19.63,91.08
Бидонче 495,35.08,26.75
Бидонче 185,31.19,35.28
Бидонче 291,22.73,80.21
Бидонче 24,9.84,40.26
Бидонче 50,8.97,49.26
Бидонче 488,39.87,5.32
Бидонче 593,19.91,91.14
Бидонче 683,18.6,30.82
Бидонче 644,26.59,66.62
Бидонче 142,21.66,64.02
Бидонче 673,10.9,76.8
Бидонче 349,38.28,23.98
Бидонче 189,13.59,24.75
Бидонче 103,38.62,98.54
Бидонче 403,2.73,75.47
Бидонче 36,30.47,92.04
Бидонче 146,19.35,14.37
Бидонче 207,31.6,26.4
Бидонче 202,2.91,43.61
Бидонче 425,23.83,74.32
Бидонче 460,32.49,98.3
Бидонче 528,29.97,26.08
Бидонче 707,28.93,58.66
Бидонче 430,39.03,35.96
Бидонче 88,34.5,14.99
Бидонче 662,6.48,83.03
Бидонче 622,33.29,29.36
Бидонче 708,24.77,94.44
Бидонче 310,12.52,11.42
Бидонче 251,21.36,17.21
Бидонче 466,12.85,28.56
Бидонче 604,30.91,56.01
Бидонче 309,17.5,15.94
Бидонче 448,22.03,6.75
Бидонче 394,14.93,45.09
Бидонче 100,35.19,17.12
Бидонче 59,24.66,85.83
Бидонче 244,25.28,53.63
Бидонче 583,37.48,21.73
Бидонче 710,20.86,76.65
Бидонче 56,10.89,64.95
Бидонче 655,6.83,38.3
Бидонче 2,13.35,32.58
Бидонче 512,22.49,32.77
Бидонче 94,24.84,46.72
Бидонче 89,33.85,27.05
Бидонче 545,16.05,33.14
Бидонче 237,4.87,5.21
Бидонче 441,4.02,67.98
Бидонче 242,21.98,10.37
Бидонче 188,7.26,19.91
Бидонче 533,8.45,88.88
Бидонче 400,3.03,91.48
Бидонче 684,18.96,35.93
Бидонче 288,12.7,93.5
Бидонче 192,34.92,33.71
Бидонче 567,20.09,93.64
Бидонче 179,28.47,48.9
Бидонче 110,25.38,60.24
Бидонче 677,20.48,21.5
Бидонче 228,33.61,41.62
Бидонче 660,22.54,36.63
Бидонче 195,15.77,6.07
Бидонче 83,5.94,19.21
Бидонче 415,36.57,98.85
Бидонче 313,7.08,71.99
Бидонче 213,32.54,21.96
Бидонче 254,27.03,36.52
Бидонче 511,10.44,52.8
Бидонче 705,2.92,51.63
Бидонче 139,32.28,6.65
Бидонче 327,25.38,41.39
Бидонче 339,24.7,15.08
Бидонче 665,22.82,62.9
Бидонче 28,7.58,74.81
Бидонче 377,17.21,86.91
Бидонче 537,9.76,61.13
Бидонче 338,7.89,46.16
Бидонче 87,13.08,64.08
Бидонче 354,13.36,42.9
Бидонче 492,20.78,27.22
Бидонче 120,9.73,59.01
Бидонче 294,20.17,11.68
Бидонче 247,21.68,68.33
Бидонче 274,17.07,90.88
Бидонче 716,16.05,25.09
Бидонче 182,16.17,43.34
Бидонче 493,13.06,90.4
Бидонче 190,5.25,39.05
Бидонче 280,32.97,95.51
Бидонче 226,36.82,43.29
Бидонче 719,7.03,83.02
Бидонче 180,34.45,4.85
Бидонче 657,9.95,80.44
Бидонче 332,22.31,39.27
Бидонче 623,17.29,92.65
Бидонче 389,8.25,50.35
Бидонче 541,11.14,39.27
Бидонче 6,32.06,23.41
Бидонче 401,15.58,3.82
Бидонче 536,35.28,15.1
Бидонче 378,19.69,66.97
Бидонче 165,33.34,38.27
Бидонче 54,2.84,38.94
Бидонче 501,8.04,3.25
Бидонче 408,11.81,4.47
Бидонче 627,6.1,75.32
Бидонче 552,36.74,26.37
Бидонче 706,2.01,58.15
Бидонче 209,31.82,66.9
Бидонче 133,7.85,89.35
Бидонче 98,24.41,54.65
Бидонче 307,25.96,15.65
Бидонче 477,22.27,88.18
Бидонче 287,9.87,11.21
Бидонче 366,19.26,65.22
Бидонче 136,5.58,42.03
Бидонче 491,12.54,39.54
Бидонче 318,13.63,76.48
Бидонче 711,19.89,46.8
Бидонче 439,7.04,10.15
Бидонче 176,8.11,7.98
Бидонче 371,11.55,68.12
Бидонче 55,31.31,40.27
Бидонче 405,34.64,19.38
Бидонче 343,25.94,28.41
Бидонче 351,20.48,21.22
Бидонче 438,29.6,20.53
Бидонче 45,39.47,61.71
Бидонче 252,14.67,15.29
Бидонче 626,31.04,53.29
Бидонче 557,11,59.03
Бидонче 376,30.8,61.69
Бидонче 68,9.95,16.4
Бидонче 502,7.12,49.12
Бидонче 590,25.35,40.82
Бидонче 641,38.13,51.93
Бидонче 260,6.27,46.91
Бидонче 470,38.46,19.89
Бидонче 170,23.1,38.46
Бидонче 643,30.63,42.93
Бидонче 602,12.83,14.26
Бидонче 118,31.05,72.13
Бидонче 616,11.04,32.23
Бидонче 153,36.43,91.11
Бидонче 681,33.9,34.69
Бидонче 386,29.73,42.2
Бидонче 696,30.54,73.83
Бидонче 712,16.06,47.26
Бидонче 595,20.81,53.61
Бидонче 423,17.67,19.09
Бидонче 474,13.74,63.21
Бидонче 535,22.29,60.19
Бидонче 702,29.93,72.58
Бидонче 187,16.61,83.98
Бидонче 534,30.6,92.27
